1.088692433269847215e-01
-1.856289766341540359e-01
-1.462653515276729710e+00

4.665411061206036769e-01
-7.452444338041479543e-01
-1.280296922815481020e+00

2.478953249181251872e-01
-4.600003967263412985e-01
-8.312806787319507729e-01

6.188736327433189688e-01
-7.528898530938228362e-01
-1.332486457792202428e+00

-3.583388624092052610e-01
3.654649634695370519e-01
-1.389822780049058348e+00

-6.148870561623537290e-01
7.354449308295942789e-01
-1.148764895671165354e+00

-3.195848426656624497e-01
4.514378732530995864e-01
-1.171968577789697097e+00

-1.572582659140079886e-01
3.287320446813153385e-01
-7.896372100752971912e-01

-2.744583724362779642e-01
2.406507252901934346e-01
-1.518834099268084215e+00

4.023700286984984165e-01
7.959945910184795803e-01
-1.454147915083040310e+00

-3.557297362794930584e-01
-3.892838105393391368e-01
-1.325822247171904777e+00

-6.586621670366006320e-01
-5.849089472033897064e-01
-1.406603293428571488e+00

-1.164164345275960771e-01
-9.007188720938018589e-01
-1.546630079983916328e+00

-4.299253623865418872e-01
4.848416475262962155e-02
-1.554980882527805974e+00

3.345614860672060376e-01
-4.055670379465288744e-01
-1.456439443474018880e+00

6.302514930381791780e-01
-8.983425219369037817e-01
-1.225974248376000553e+00

9.182605244910432285e-01
-8.281037465701337474e-01
-1.599782512091658448e+00

