-4.715775749782323278e-01
3.433703821643333320e+00
2.907440938375489736e+01

-7.302260497294060571e+00
3.380301226596747366e+00
1.625856385159845985e+01

-3.102505102726503594e+00
5.285225413909505621e-02
1.982691430949493139e+01

-6.653626917008274688e+00
3.954328327971979196e+00
3.139576387164947846e+01

-5.715433399313762930e-01
2.229090434432860590e+00
2.070271445144468103e+01

-6.351563246859111000e-01
1.002148118601815074e+00
2.090811939160111876e+01

7.068822505242051690e+00
-1.447301965883424746e+00
3.461124133775782497e+01

-6.437839709372661368e-01
-5.626878358007896264e-01
3.497896419528197498e+01

-3.344559317514502084e+00
2.772774611303869818e+00
4.028805332332522937e+01

-4.602024973304737365e+00
-5.418636607832702623e+00
3.860419283267492574e+01

-8.761327859141742280e+00
5.347737602212962571e+00
2.749351811225314890e+01

-1.341061417686194135e+00
5.121346975230173904e+00
2.146745838591824196e+01

4.562533109347000071e+00
5.114260142028064671e+00
2.178463893440124011e+01

7.951915338022590873e+00
-2.190189982801992397e+00
3.441051910387194823e+01

-1.683882160284393592e+01
7.450305679887406107e+00
3.448635443554873348e+01

-1.874667252056214295e+01
-4.633589515851439522e+00
3.741100236025778258e+01

-9.102194499674004291e+00
5.487783681528309643e+00
1.945071865007428613e+01

